
Number of lines (N): 5159737, Dimensionality: 2, KMEANS: 100, Filename: iono_57min_5.16Mpts_2D.txt

Final (Second to Last) Global k Means : 
23.398529 60.554550 
112.468286 72.069244 
138.124298 73.729070 
132.490468 50.485255 
133.628391 62.261064 
134.835866 46.854487 
133.953868 44.700582 
186.514426 56.985870 
62.708265 52.073976 
204.304586 18.438051 
57.339988 -47.216913 
118.544722 55.166035 
131.037140 46.242674 
132.667333 45.762900 
153.432807 57.560910 
11.324340 42.678378 
130.890461 44.462457 
131.674786 44.390270 
118.615609 41.560173 
301.776100 62.649003 
126.093816 44.207327 
131.354474 43.881808 
208.983239 59.411048 
129.830690 44.302985 
131.264133 43.626104 
238.332829 38.900899 
131.386961 43.465467 
131.185734 43.470468 
131.330730 43.321650 
132.879309 43.012669 
131.210003 43.293854 
132.502000 43.904536 
282.472144 38.737331 
131.333930 43.195865 
131.220907 43.173864 
131.313636 43.104549 
147.920093 44.699803 
131.325699 43.046740 
28.885106 -25.700718 
131.890117 43.328947 
131.280310 43.005320 
131.302898 42.924191 
251.295420 37.915673 
131.597632 42.963345 
131.285141 42.866432 
142.024076 43.881740 
131.281479 42.805524 
131.263445 42.741685 
101.165158 45.606615 
131.412984 42.759593 
131.192226 42.681267 
266.673529 32.159056 
131.282342 42.647310 
131.123354 42.537966 
4.684095 11.896471 
131.254196 42.558649 
131.241961 42.491954 
130.988881 42.277794 
349.927873 47.337175 
131.232464 42.387869 
131.193549 42.198064 
131.102593 41.817359 
130.209040 42.308362 
125.071773 36.948274 
132.335497 41.949114 
131.651662 40.384440 
130.569598 41.110819 
128.566412 41.346455 
303.841852 -13.944193 
143.861954 37.559872 
138.877991 41.352560 
10.069844 -1.887508 
134.825207 40.484327 
140.292441 38.772214 
2.137311 3.270551 
137.126693 37.598083 
1.156944 -1.229475 
0.000000 0.000000 
136.344797 42.737898 
133.408329 41.279275 
131.190072 38.445686 
128.116640 36.658147 
159.105419 -25.592248 
133.965530 38.388636 
144.914838 23.933883 
132.470063 35.018756 
139.444844 34.436332 
128.583758 31.049898 
135.365182 34.777947 
0.000000 0.000000 
117.293574 21.213874 
133.969071 29.992338 
158.537551 1.658674 
286.862363 -51.865354 
118.391244 33.483867 
129.597775 39.544505 
105.628983 -10.101124 
177.221068 -44.289699 
79.069967 25.118452 
128.516112 -49.292973 

Max Total Time: 46.451132 
Max Dist Calc Time: 44.415948 
Max Update Centriod Time: 4.099004 

