
Number of lines (N): 5159737, Dimensionality: 2, KMEANS: 50, Filename: iono_57min_5.16Mpts_2D.txt

Final (Second to Last) Global k Means : 
18.273511 52.458050 
83.957643 53.555773 
138.059347 73.664113 
133.954144 48.194978 
145.850689 58.989751 
145.467447 43.090427 
139.377259 40.160907 
185.265410 57.036190 
75.482538 28.854721 
204.479261 18.755851 
118.820842 42.495655 
116.212544 63.913734 
128.952985 53.493435 
133.919049 45.328599 
144.092127 33.452971 
21.065695 -16.203096 
131.203255 45.328377 
132.325503 45.022237 
107.780459 34.696078 
342.140731 52.095308 
125.887833 44.279898 
131.418181 43.973255 
209.048129 59.248914 
129.999120 44.306366 
131.273962 43.645806 
241.666640 38.368975 
132.582959 43.386264 
131.244410 43.437806 
131.345810 43.298386 
136.404071 34.264744 
129.680368 42.213572 
134.178831 42.354464 
282.541834 39.043024 
131.896872 42.991748 
126.020906 36.922799 
131.297833 43.061010 
167.819299 -17.307061 
131.279974 42.716646 
107.120965 -2.627685 
134.290767 39.612337 
131.502817 41.873199 
130.450488 40.288471 
262.781131 34.201895 
131.838460 35.002511 
123.713847 26.732471 
301.214648 -21.864545 
146.089534 11.483220 
134.098975 -41.608706 
61.081514 -44.955498 
178.068696 -45.170302 

Max Total Time: 25.560348 
Max Dist Calc Time: 23.452478 
Max Update Centriod Time: 4.365839 

